7
11
13
19
25
37
41
47
55
59
61
67
91
97
103
109
115
131
137
143
145
157
167
171
185
191
193
203
211
213
229
239
241
247
253
285
299
301
333
351
355
357
361
369
391
397
425
451
463
487
501
529
539
545
557
563
601
607
617
623
631
637
647
661
675
677
687
695
701
719
721
731
757
761
787
789
799
803
817
827
847
859
865
875
877
883
895
901
911
949
953
967
971
973
981
985
995
1001
1019
1033
1051
1063
1069
1125
1135
1153
1163
1221
1239
1255
1267
1279
1293
1305
1315
1329
1341
1347
1367
1387
1413
1423
1431
1441
1479
1509
1527
1531
1555
1557
1573
1591
1603
1615
1627
1657
1663
1673
1717
1729
1747
1759
1789
1815
1821
1825
1849
1863
1869
1877
1881
1891
1917
1933
1939
1969
2011
2035
2041
2053
2071
2091
2093
2119
2147
2149
2161
2171
2189
2197
2207
2217
2225
2255
2257
2273
2279
2283
2293
2317
2323
2341
2345
2363
2365
2373
2377
2385
2395
2419
2421
2431
2435
2447
2475
2477
2489
2503
2521
2533
2551
2561
2567
2579
2581
2601
2633
2657
2669
2681
2687
2693
2705
2717
2727
2731
2739
2741
2773
2783
2793
2799
2801
2811
2819
2825
2833
2867
2879
2881
2891
2905
2911
2917
2927
2941
2951
2955
2963
2965
2991
2999
3005
3017
3035
3037
3047
3053
3083
3085
3097
3103
3159
3169
3179
3187
3205
3209
3223
3227
3229
3251
3263
3271
3277
3283
3285
3299
3305
3319
3331
3343
3357
3367
3373
3393
3399
3413
3417
3427
3439
3441
3475
3487
3497
3515
3517
3529
3543
3547
3553
3559
3573
3589
3613
3617
3623
3627
3635
3641
3655
3659
3669
3679
3697
3707
3709
3713
3731
3743
3747
3771
3791
3805
3827
3833
3851
3865
3889
3895
3933
3947
3949
3957
3971
3985
3991
3995
4007
4013
4021
4045
4051
4069
4073
4179
4201
4219
4221
4249
4305
4331
4359
4383
4387
4411
4431
4439
4449
4459
4485
4531
4569
4575
4621
4663
4669
4711
4723
4735
4793
4801
4811
4879
4893
4897
4921
4927
4941
4977
5017
5027
5033
5127
5169
5175
5199
5213
5223
5237
5287
5293
5331
5391
5405
5453
5523
5573
5591
5597
5611
5641
5703
5717
5721
5797
5821
5909
5913
5955
5957
6005
6025
6061
6067
6079
6081
6231
6237
6289
6295
6329
6383
6427
6453
6465
6501
6523
6539
6577
6589
6601
6607
6631
6683
6699
6707
6761
6795
6865
6881
6901
6923
6931
6943
6999
7057
7079
7103
7105
7123
7173
7185
7191
7207
7245
7303
7327
7333
7355
7365
7369
7375
7411
7431
7459
7491
7505
7515
7541
7557
7561
7701
7705
7727
7749
7761
7783
7795
7823
7907
7953
7963
7975
8049
8089
8123
8125
8137
8219
8231
8245
8275
8293
8303
8331
8333
8351
8357
8367
8379
8381
8387
8393
8417
8435
8461
8469
8489
8495
8507
8515
8551
8555
8569
8585
8599
8605
8639
8641
8647
8653
8671
8675
8689
8699
8729
8741
8759
8765
8771
8795
8797
8825
8831
8841
8855
8859
8883
8895
8909
8943
8951
8955
8965
8999
9003
9031
9045
9049
9071
9073
9085
9095
9101
9109
9123
9129
9137
9143
9147
9185
9197
9209
9227
9235
9247
9253
9257
9277
9297
9303
9313
9325
9343
9347
9371
9373
9397
9407
9409
9415
9419
9443
9481
9495
9501
9505
9517
9529
9555
9557
9571
9585
9591
9607
9611
9621
9625
9631
9647
9661
9669
9679
9687
9707
9731
9733
9745
9773
9791
9803
9811
9817
9833
9847
9851
9863
9875
9881
9905
9911
9917
9923
9963
9973
10003
10025
10043
10063
10071
10077
10091
10099
10105
10115
10129
10145
10169
10183
10187
10207
10223
10225
10247
10265
10271
10275
10289
10299
10301
10309
10343
10357
10373
10411
10413
10431
10445
10453
10463
10467
10473
10491
10505
10511
10513
10523
10539
10549
10559
10561
10571
10581
10615
10621
10625
10643
10655
10671
10679
10685
10691
10711
10739
10741
10755
10767
10781
10785
10803
10805
10829
10857
10863
10865
10875
10877
10917
10921
10929
10949
10967
10971
10987
10995
11009
11029
11043
11045
11055
11063
11075
11081
11117
11135
11141
11159
11163
11181
11187
11225
11237
11261
11279
11297
11307
11309
11327
11329
11341
11377
11403
11405
11413
11427
11439
11453
11461
11473
11479
11489
11495
11499
11533
11545
11561
11567
11575
11579
11589
11611
11623
11637
11657
11663
11687
11691
11701
11747
11761
11773
11783
11795
11797
11817
11849
11855
11867
11869
11873
11883
11919
11921
11927
11933
11947
11955
11961
11999
12027
12029
12037
12041
12049
12055
12095
12097
12107
12109
12121
12127
12133
12137
12181
12197
12207
12209
12239
12253
12263
12269
12277
12287
12295
12309
12313
12335
12361
12367
12391
12409
12415
12433
12449
12469
12479
12481
12499
12505
12517
12527
12549
12559
12597
12615
12621
12639
12643
12657
12667
12707
12713
12727
12741
12745
12763
12769
12779
12781
12787
12799
12809
12815
12829
12839
12857
12875
12883
12889
12901
12929
12947
12953
12959
12969
12983
12987
12995
13015
13019
13031
13063
13077
13103
13137
13149
13173
13207
13211
13227
13241
13249
13255
13269
13283
13285
13303
13307
13321
13339
13351
13377
13389
13407
13417
13431
13435
13447
13459
13465
13477
13501
13513
13531
13543
13561
13581
13599
13605
13617
13623
13637
13647
13661
13677
13683
13695
13725
13729
13753
13773
13781
13785
13795
13801
13807
13825
13835
13855
13861
13871
13883
13897
13905
13915
13939
13941
13969
13979
13981
13997
14027
14035
14037
14051
14063
14085
14095
14107
14113
14125
14137
14145
14151
14163
14193
14199
14219
14229
14233
14243
14277
14287
14289
14295
14301
14305
14323
14339
14341
14359
14365
14375
14387
14411
14425
14441
14449
14499
14513
14523
14537
14543
14561
14579
14585
14593
14599
14603
14611
14641
14671
14695
14701
14723
14725
14743
14753
14759
14765
14795
14797
14803
14831
14839
14845
14855
14889
14895
14909
14929
14941
14945
14951
14963
14965
14985
15033
15039
15053
15059
15061
15071
15077
15081
15099
15121
15147
15149
15157
15167
15187
15193
15203
15205
15215
15217
15223
15243
15257
15269
15273
15287
15291
15313
15335
15347
15359
15373
15379
15381
15391
15395
15397
15419
15439
15453
15469
15491
15503
15517
15527
15531
15545
15559
15593
15611
15613
15619
15639
15643
15649
15661
15667
15669
15681
15693
15717
15721
15741
15745
15765
15793
15799
15811
15825
15835
15847
15851
15865
15877
15881
15887
15899
15915
15935
15937
15955
15973
15977
16011
16035
16061
16069
16087
16093
16097
16121
16141
16153
16159
16165
16183
16189
16195
16197
16201
16209
16215
16225
16259
16265
16273
16299
16309
16355
16375
16381
16427
16441
16467
16479
16507
16553
16559
16571
16573
16591
16619
16627
16653
16659
16699
16707
16795
16797
16807
16813
16821
16853
16857
16881
16909
16983
16993
17023
17029
17053
17095
17099
17101
17123
17129
17135
17161
17185
17215
17277
17287
17301
17327
17353
17387
17389
17419
17475
17523
17619
17621
17631
17635
17659
17707
17721
17753
17775
17817
17823
17829
17847
17861
17879
17895
17907
17919
17935
17949
17959
17973
17991
18009
18019
18033
18043
18085
18117
18127
18139
18225
18255
18303
18343
18369
18405
18409
18415
18451
18457
18491
18499
18523
18529
18535
18559
18563
18659
18717
18733
18745
18793
18807
18823
18857
18895
18913
18997
19045
19067
19073
19079
19083
19107
19145
19165
19193
19255
19273
19291
19307
19309
19315
19321
19333
19351
19361
19371
19385
19403
19405
19413
19423
19441
19451
19465
19485
19519
19527
19531
19541
19581
19597
19621
19645
19653
19665
19671
19693
19743
19761
19781
19791
19793
19829
19855
19885
19891
19905
19963
19969
19989
20023
20035
20041
20049
20075
20077
20099
20123
20179
20197
20201
20207
20253
20309
20319
20329
20335
20383
20393
20407
20411
20459
20487
20511
20517
20573
20641
20693
20713
20781
20819
20825
20831
20861
20875
20889
20901
20913
20945
20955
20971
20973
20981
20991
20997
21007
21037
21093
21131
21145
21155
21169
21187
21189
21201
21223
21285
21289
21339
21403
21405
21415
21433
21439
21447
21489
21507
21519
21527
21557
21561
21575
21599
21627
21645
21663
21691
21725
21729
21785
21807
21815
21881
21887
21891
21893
21905
21933
21953
21971
21993
22007
22029
22037
22057
22063
22065
22171
22187
22189
22195
22209
22215
22221
22263
22315
22317
22335
22361
22371
22397
22419
22447
22461
22467
22469
22487
22531
22561
22579
22581
22591
22593
22677
22681
22691
22703
22749
22759
22763
22783
22863
22911
22927
22935
22941
22945
22951
22965
23007
23017
23071
23077
23099
23101
23107
23109
23113
23157
23221
23233
23251
23253
23257
23311
23319
23339
23353
23395
23401
23415
23449
23491
23493
23521
23531
23559
23563
23577
23601
23625
23645
23673
23683
23713
23743
23745
23755
23757
23781
23813
23837
23859
23919
23949
23957
23971
23977
23995
24015
24067
24079
24091
24109
24135
24189
24193
24217
24279
24283
24295
24309
24327
24345
24355
24381
24387
24389
24417
24427
24437
24471
24543
24589
24597
24623
24637
24679
24683
24713
24733
24747
24755
24761
24789
24841
24849
24877
24889
24897
24957
24991
24997
25007
25019
25069
25077
25139
25187
25199
25213
25229
25247
25253
25257
25271
25303
25307
25309
25331
25379
25393
25399
25435
25453
25461
25481
25489
25505
25535
25583
25609
25623
25665
25671
25739
25759
25831
25845
25857
25867
25911
25915
25925
25947
26001
26029
26041
26047
26069
26095
26103
26119
26125
26147
26171
26205
26219
26243
26263
26279
26283
26293
26329
26335
26385
26395
26443
26463
26473
26487
26497
26531
26577
26641
26653
26707
26743
26771
26783
26789
26793
26821
26879
26905
26927
26987
26995
27023
27037
27041
27051
27113
27137
27183
27217
27227
27239
27243
27245
27253
27267
27287
27315
27317
27327
27339
27369
27375
27395
27415
27435
27443
27449
27463
27467
27497
27517
27521
27533
27575
27589
27607
27617
27629
27641
27695
27709
27735
27763
27829
27833
27841
27847
27877
27913
27927
27947
27987
28003
28005
28009
28067
28081
28091
28093
28101
28169
28199
28205
28211
28225
28243
28283
28289
28295
28309
28335
28355
28379
28381
28409
28417
28437
28457
28465
28475
28495
28503
28561
28615
28633
28639
28649
28677
28701
28723
28797
28841
28859
28873
28879
28897
28947
28949
28953
28977
28983
28989
29035
29083
29089
29109
29151
29157
29175
29179
29215
29233
29243
29263
29287
29363
29377
29389
29407
29413
29425
29431
29443
29449
29479
29483
29581
29587
29605
29629
29649
29695
29715
29717
29775
29787
29803
29805
29867
29875
29901
29919
29929
29949
29979
29985
30071
30075
30105
30115
30141
30159
30161
30187
30197
30265
30279
30291
30293
30303
30307
30313
30367
30371
30383
30417
30443
30457
30475
30537
30551
30573
30579
30631
30645
30663
30675
30677
30741
30757
30769
30781
30829
30923
30925
30937
30959
30999
31015
31053
31065
31087
31089
31099
31105
31111
31153
31177
31191
31197
31235
31259
31275
31285
31295
31307
31317
31361
31373
31415
31419
31427
31457
31477
31523
31567
31569
31581
31609
31631
31649
31659
31673
31699
31715
31729
31749
31783
31789
31833
31883
31891
31893
31907
31927
31939
31953
31993
31999
32001
32021
32055
32069
32115
32121
32145
32151
32167
32179
32199
32205
32233
32251
32253
32269
32281
32303
32353
32373
32383
32413
32427
32467
32483
32485
32521
32545
32575
32589
32597
32625
32651
32653
32671
32709
32721
32743
32771
32785
32791
32813
32821
32863
32887
32897
32903
32915
32933
32963
32975
32989
32999
33013
33025
33045
33061
33111
33117
33121
33133
33157
33185
33191
33209
33227
33229
33247
33277
33299
33339
33349
33407
33417
33423
33435
33483
33497
33559
33563
33579
33587
33607
33613
33631
33635
33641
33649
33675
33689
33711
33725
33733
33745
33817
33827
33839
33841
33847
33895
33901
33913
33923
33943
33953
33973
34015
34039
34045
34077
34081
34087
34099
34119
34123
34143
34161
34171
34177
34189
34211
34225
34245
34249
34267
34285
34291
34313
34321
34333
34347
34389
34393
34405
34429
34433
34473
34479
34487
34499
34523
34559
34571
34573
34581
34601
34609
34667
34693
34697
34703
34731
34733
34739
34751
34783
34801
34817
34871
34889
34909
34913
34937
34947
34959
34997
35015
35033
35077
35081
35095
35111
35173
35225
35247
35279
35281
35293
35309
35327
35385
35413
35427
35429
35441
35451
35463
35467
35487
35503
35505
35549
35595
35597
35643
35651
35693
35699
35729
35741
35777
35787
35797
35813
35825
35873
35879
35911
35925
35939
35945
35975
35987
36003
36009
36027
36041
36065
36103
36107
36133
36163
36177
36187
36223
36229
36233
36251
36257
36287
36299
36301
36325
36329
36335
36363
36383
36411
36433
36439
36467
36469
36495
36503
36507
36513
36543
36545
36563
36581
36603
36623
36647
36651
36665
36709
36727
36733
36773
36809
36817
36833
36875
36889
36895
36901
36919
36925
36931
36951
36961
36973
36981
37001
37009
37019
37037
37125
37129
37143
37147
37149
37185
37197
37243
37273
37283
37289
37297
37309
37327
37345
37379
37393
37403
37415
37427
37439
37453
37459
37499
37511
37525
37539
37559
37577
37597
37621
37625
37651
37681
37701
37705
37719
37747
37759
37763
37789
37793
37813
37835
37855
37871
37873
37883
37903
37931
37941
37963
37971
38013
38035
38041
38053
38057
38075
38103
38107
38113
38119
38133
38143
38151
38165
38185
38193
38205
38213
38241
38251
38281
38299
38317
38367
38377
38419
38421
38449
38455
38461
38467
38503
38521
38551
38573
38593
38603
38623
38651
38699
38709
38733
38755
38805
38815
38819
38821
38825
38833
38875
38877
38899
38911
38921
38945
38983
39061
39065
39087
39099
39109
39127
39133
39179
39193
39205
39209
39215
39223
39235
39237
39277
39295
39305
39313
39323
39353
39359
39361
39371
39381
39395
39461
39503
39511
39515
39517
39521
39533
39545
39551
39575
39581
39595
39609
39623
39651
39675
39697
39707
39731
39745
39763
39775
39791
39799
39819
39827
39863
39869
39915
39935
39957
39983
39995
40017
40029
40039
40053
40057
40069
40127
40149
40165
40177
40183
40195
40277
40281
40291
40321
40331
40345
40351
40357
40381
40451
40465
40471
40481
40505
40519
40533
40537
40547
40553
40607
40611
40685
40691
40715
40723
40739
40751
40777
40783
40807
40859
40877
40883
40885
40909
40971
40995
40997
41007
41027
41051
41053
41063
41067
41069
41097
41105
41141
41165
41183
41211
41219
41231
41245
41255
41267
41269
41273
41287
41327
41339
41345
41375
41393
41413
41423
41441
41487
41537
41543
41571
41583
41625
41641
41669
41673
41687
41691
41709
41735
41739
41741
41753
41763
41797
41835
41843
41861
41871
41879
41889
41907
41921
41933
41941
41987
41989
41993
42067
42073
42113
42123
42137
42149
42159
42161
42173
42179
42203
42221
42241
42275
42277
42281
42319
42371
42407
42425
42445
42473
42481
42515
42543
42551
42577
42593
42611
42641
42651
42653
42695
42737
42749
42779
42795
42809
42847
42865
42893
42929
42939
42941
42959
42961
42973
42983
43051
43059
43065
43083
43085
43093
43113
43133
43137
43155
43167
43171
43177
43191
43215
43229
43233
43275
43283
43289
43337
43381
43431
43437
43497
43503
43511
43533
43541
43567
43569
43587
43599
43601
43617
43641
43677
43693
43705
43731
43779
43791
43805
43829
43833
43847
43875
43915
43929
43963
43973
43985
43991
43995
44019
44033
44039
44045
44073
44087
44123
44141
44147
44165
44175
44183
44231
44245
44255
44265
44285
44293
44305
44315
44321
44399
44451
44463
44489
44509
44519
44523
44537
44553
44573
44589
44601
44607
44639
44643
44657
44663
44685
44693
44707
44731
44759
44765
44775
44789
44801
44819
44831
44841
44847
44859
44867
44873
44903
44917
44943
44971
45011
45027
45053
45071
45083
45101
45109
45119
45141
45175
45203
45231
45251
45253
45265
45281
45299
45319
45323
45373
45399
45405
45429
45455
45463
45469
45473
45511
45535
45541
45579
45587
45589
45635
45641
45647
45695
45705
45723
45761
45791
45801
45807
45815
45829
45847
45863
45947
45953
45971
45989
46001
46007
46021
46039
46043
46045
46073
46081
46093
46147
46167
46189
46197
46207
46247
46271
46319
46327
46345
46365
46399
46407
46419
46421
46441
46455
46459
46485
46505
46523
46531
46551
46561
46567
46571
46585
46597
46601
46615
46619
46625
46631
46637
46643
46645
46667
46681
46715
46721
46731
46745
46767
46801
46823
46827
46879
46885
46917
46935
46955
46969
46979
46993
47005
47009
47027
47101
47183
47201
47221
47237
47241
47261
47265
47277
47295
47315
47317
47355
47363
47389
47399
47403
47431
47445
47449
47461
47479
47501
47535
47547
47555
47561
47569
47597
47603
47621
47633
47673
47705
47745
47751
47757
47763
47799
47831
47873
47893
47897
47907
47933
47939
47945
47953
47963
47975
47989
48017
48053
48063
48075
48077
48101
48105
48137
48179
48233
48251
48267
48269
48287
48297
48323
48349
48403
48421
48431
48487
48511
48515
48521
48569
48577
48595
48601
48613
48661
48675
48681
48695
48727
48731
48737
48747
48767
48771
48811
48881
48929
48935
48947
48949
48997
49025
49035
49059
49079
49091
49133
49141
49151
49153
49159
49171
49183
49189
49225
49267
49273
49285
49303
49309
49319
49337
49355
49365
49379
49403
49425
49441
49459
49471
49503
49527
49531
49533
49555
49573
49597
49603
49609
49627
49639
49645
49669
49673
49687
49709
49741
49749
49769
49817
49841
49873
49885
49909
49921
49933
49957
49981
50007
50011
50017
50035
50051
50075
50077
50093
50119
50147
50159
50173
50181
50209
50227
50247
50251
50271
50287
50301
50323
50335
50341
50359
50373
50397
50411
50425
50431
50443
50453
50479
50481
50505
50523
50549
50553
50569
50587
50593
50611
50613
50623
50655
50665
50671
50685
50737
50757
50769
50795
50805
50809
50831
50839
50859
50873
50881
50887
50901
50921
50947
51027
51033
51063
51097
51103
51139
51159
51163
51189
51203
51227
51265
51277
51295
51301
51305
51349
51389
51401
51445
51449
51455
51457
51469
51477
51487
51491
51497
51505
51511
51515
51547
51549
51587
51655
51659
51661
51673
51749
51753
51759
51785
51815
51855
51885
51903
51929
51939
51951
51991
51995
51997
52011
52031
52053
52081
52091
52103
52157
52199
52213
52245
52259
52285
52297
52333
52351
52355
52357
52379
52385
52391
52403
52417
52441
52471
52475
52477
52523
52531
52615
52639
52643
52677
52687
52695
52705
52715
52717
52729
52735
52739
52775
52789
52837
52849
52895
52923
52931
52933
52937
52945
52951
52979
52991
53005
53023
53039
53107
53113
53135
53149
53153
53191
53205
53225
53239
53253
53257
53311
53325
53361
53367
53383
53387
53389
53397
53401
53411
53425
53445
53455
53457
53463
53473
53497
53515
53541
53551
53565
53585
53595
53613
53659
53689
53695
53697
53717
53721
53743
53757
53767
53781
53795
53801
53815
53847
53867
53869
53903
53921
54019
54039
54055
54081
54111
54121
54135
54139
54145
54163
54169
54193
54217
54225
54237
54247
54293
54313
54331
54369
54379
54423
54429
54443
54451
54463
54465
54483
54501
54505
54513
54543
54567
54571
54599
54617
54627
54653
54711
54753
54759
54773
54789
54823
54827
54859
54883
54909
54953
54967
54981
54999
55009
55021
55075
55149
55167
55213
55219
55221
55231
55257
55287
55291
55309
55315
55369
55383
55405
55433
55439
55451
55463
55477
55489
55507
55513
55525
55561
55579
55603
55617
55623
55629
55647
55653
55665
55691
55705
55711
55715
55721
55729
55747
55767
55801
55813
55831
55847
55861
55871
55897
55933
55947
55955
55971
55985
56003
56029
56095
56101
56105
56123
56133
56143
56161
56195
56225
56263
56269
56277
56287
56291
56297
56303
56363
56377
56385
56431
56433
56467
56479
56495
56529
56535
56539
56565
56601
56617
56625
56663
56679
56691
56693
56733
56749
56789
56805
56823
56827
56839
56879
56893
56905
56911
56913
56941
56963
56965
56969
56993
57005
57035
57037
57043
57091
57093
57111
57117
57139
57177
57193
57199
57201
57275
57289
57323
57347
57359
57397
57415
57419
57439
57467
57485
57513
57521
57527
57541
57559
57601
57611
57649
57673
57679
57681
57693
57703
57727
57779
57811
57839
57863
57881
57891
57905
57925
57935
57959
57977
57989
58011
58013
58017
58027
58029
58047
58049
58069
58127
58129
58165
58201
58211
58213
58231
58253
58259
58271
58287
58295
58307
58331
58355
58367
58399
58417
58441
58459
58475
58477
58483
58501
58513
58519
58525
58529
58539
58571
58573
58609
58621
58627
58647
58651
58669
58675
58753
58773
58789
58885
58913
58937
58943
58951
58963
58985
59015
59067
59069
59095
59101
59125
59129
59137
59177
59245
59253
59267
59279
59307
59309
59317
59339
59347
59365
59383
59393
59439
59459
59483
59501
59513
59529
59537
59559
59583
59585
59595
59597
59603
59643
59651
59663
59681
59687
59691
59701
59737
59743
59747
59753
59761
59789
59831
59845
59855
59863
59913
59931
59949
59979
59993
60017
60029
60033
60045
60091
60099
60105
60141
60167
60171
60185
60201
60219
60229
60253
60263
60267
60275
60277
60311
60315
60333
60339
60365
60373
60387
60425
60433
60449
60469
60491
60517
60521
60541
60563
60569
60599
60623
60671
60679
60693
60707
60727
60745
60765
60769
60779
60823
60843
60871
60877
60889
60895
60911
60925
60929
60939
60941
60959
61045
61059
61085
61101
61127
61131
61145
61155
61169
61175
61199
61217
61229
61235
61241
61261
61303
61333
61343
61371
61415
61419
61427
61447
61453
61471
61481
61487
61509
61573
61591
61611
61631
61639
61653
61663
61681
61687
61713
61723
61749
61761
61771
61779
61795
61809
61837
61893
61921
61927
61939
61941
61981
62023
62029
62037
62041
62063
62075
62087
62111
62117
62171
62201
62207
62209
62219
62229
62255
62263
62341
62345
62353
62359
62387
62431
62437
62469
62479
62487
62497
62521
62547
62549
62565
62587
62603
62617
62627
62653
62671
62707
62709
62713
62733
62745
62757
62779
62801
62817
62829
62865
62877
62901
62911
62913
62919
63007
63011
63035
63045
63055
63109
63157
63193
63215
63227
63277
63295
63309
63315
63343
63367
63371
63381
63395
63409
63415
63427
63433
63451
63487
63491
63497
63503
63527
63551
63599
63601
63607
63635
63707
63725
63731
63733
63765
63779
63803
63805
63823
63825
63859
63865
63877
63899
63923
63929
63943
63971
63977
63991
64001
64007
64019
64035
64117
64131
64151
64155
64161
64193
64203
64217
64223
64229
64261
64271
64289
64309
64333
64351
64361
64385
64397
64419
64425
64439
64457
64463
64475
64481
64523
64525
64543
64585
64603
64615
64629
64643
64685
64723
64751
64783
64791
64797
64811
64813
64825
64839
64851
64881
64907
64921
64931
64943
64945
64989
64993
65003
65069
65075
65089
65101
65113
65149
65159
65177
65201
65213
65225
65259
65279
65299
65315
65321
65335
65359
65377
65395
65407
65425
65459
65479
65497
65513
65519
65533
65581
65593
65599
65619
65725
65751
65839
65853
65871
65885
65943
65953
65965
65983
65991
66069
66073
66085
66095
66141
66157
66181
66193
66209
66277
66333
66379
66409
66417
66439
66445
66463
66467
66525
66553
66601
66647
66663
66691
66697
66705
66751
66753
66867
66887
66921
66951
67011
67037
67051
67137
67147
67155
67211
67267
67435
67437
67449
67459
67569
67597
67681
67775
67797
67807
67811
67825
67835
67897
67965
67979
68005
68015
68035
68037
68071
68083
68221
68225
68283
68293
68353
68371
68373
68433
68445
68557
68563
68581
68623
68637
68641
68713
68721
68731
68749
68757
68771
68783
68851
68931
68995
69007
69075
69093
69189
69253
69277
69287
69381
69385
69403
69481
69495
69511
69525
69553
69583
69595
69643
69699
69711
69725
69759
69763
69765
69783
69917
69999
70089
70107
70131
70209
70227
70243
70263
70273
70283
70319
70341
70363
70381
70387
70459
70461
70517
70521
70557
70665
70683
70733
70791
70803
70831
70857
70865
70893
70905
70919
71055
71073
71083
71125
71163
71199
71223
71229
71235
71249
71323
71339
71385
71421
71487
71495
71507
71577
71587
71593
71639
71791
71821
71827
71849
71867
71929
71935
71971
71973
72043
72053
72057
72115
72165
72189
72199
72279
72299
72329
72419
72421
72457
72491
72519
72523
72623
72635
72637
72643
72663
72673
72745
72801
72837
72861
72885
72907
72909
72937
72943
72945
72983
73023
73043
73049
73055
73061
73079
73089
73095
73215
73249
73279
73311
73329
73339
73369
73375
73411
73423
73447
73459
73513
73531
73559
73589
73603
73627
73657
73663
73665
73789
73809
73871
73883
73913
73927
73989
74119
74133
74153
74161
74209
74279
74293
74305
74323
74379
74387
74415
74417
74537
74565
74583
74605
74723
74767
74797
74809
74827
74905
74911
74983
75007
75029
75095
75101
75123
75129
75163
75237
75271
75285
75299
75325
75345
75391
75395
75515
75537
75577
75609
75619
75655
75685
75717
75757
75805
75841
75889
75899
75945
75973
76021
76043
76057
76099
76101
76163
76169
76189
76217
76231
76245
76273
76325
76329
76337
76347
76415
76421
76455
76493
76505
76553
76583
76627
76667
76669
76697
76753
76763
76831
76859
76879
76893
76897
76907
76915
76921
76985
77027
77047
77051
77109
77121
77157
77185
77275
77281
77327
77383
77387
77389
77425
77509
77561
77567
77629
77635
77659
77671
77735
77779
77847
77863
77943
77953
77999
78019
78045
78061
78069
78087
78093
78121
78195
78247
78251
78285
78297
78383
78391
78397
78409
78423
78427
78453
78493
78517
78553
78575
78577
78597
78619
78649
78751
78761
78789
78801
78835
78869
78885
79003
79101
79109
79133
79179
79217
79229
79267
79305
79319
79387
79413
79471
79513
79529
79555
79569
79597
79623
79627
79641
79683
79821
79843
79873
79885
79903
79927
79945
79965
79981
80071
80075
80095
80123
80161
80191
80205
80211
80223
80229
80281
80311
80317
80329
80383
80393
80411
80469
80485
80489
80503
80573
80591
80627
80681
80709
80731
80797
80843
80851
80879
80881
80967
80971
81001
81007
81043
81159
81171
81187
81201
81213
81219
81225
81255
81259
81283
81297
81331
81345
81357
81457
81475
81477
81489
81495
81551
81619
81631
81641
81659
81693
81793
81829
81861
82037
82077
82125
82185
82239
82251
82259
82265
82323
82329
82351
82363
82365
82401
82407
82419
82431
82435
82449
82507
82545
82561
82601
82639
82657
82669
82699
82755
82815
82819
82879
82927
82939
82959
83015
83063
83093
83103
83107
83131
83141
83169
83193
83211
83241
83255
83315
83337
83343
83355
83357
83381
83385
83447
83453
83497
83525
83549
83571
83601
83617
83659
83669
83679
83689
83709
83745
83837
83859
83865
83907
83913
83961
83997
84021
84031
84057
84097
84137
84163
84187
84223
84235
84245
84271
84273
84447
84453
84475
84499
84501
84527
84589
84597
84653
84661
84683
84703
84727
84731
84769
84813
84835
84861
84919
84937
84943
84957
84979
84985
84991
85023
85095
85107
85159
85177
85191
85239
85245
85263
85305
85325
85343
85353
85361
85387
85389
85479
85483
85491
85579
85615
85633
85639
85667
85679
85681
85739
85749
85797
85809
85833
85847
85851
85857
85869
85903
85921
85987
86019
86031
86105
86145
86181
86199
86203
86217
86231
86251
86279
86309
86345
86365
86381
86433
86439
86483
86495
86539
86597
86621
86625
86679
86793
86823
86883
86903
87009
87127
87131
87167
87171
87221
87225
87263
87335
87341
87371
87443
87471
87541
87585
87595
87597
87623
87711
87749
87797
87849
87889
87979
88071
88101
88125
88201
88243
88275
88281
88287
88363
88395
88397
88425
88461
88467
88479
88483
88527
88535
88575
88661
88689
88701
88729
88741
88759
88791
88901
88911
88919
89003
89031
89055
89093
89241
89251
89253
89323
89351
89393
89399
89403
89471
89489
89515
89543
89585
89597
89611
89625
89641
89655
89687
89703
89771
89813
89829
89941
89997
90045
90145
90169
90211
90231
90271
90333
90379
90393
90429
90435
90471
90495
90541
90579
90643
90673
90683
90721
90731
90739
90767
90775
90925
90931
90933
90963
90981
91003
91009
91117
91125
91143
91167
91195
91203
91217
91287
91291
91369
91383
91407
91435
91445
91449
91455
91493
91539
91557
91623
91635
91653
91761
91817
91835
91863
91911
91929
92011
92025
92065
92095
92121
92127
92151
92161
92171
92191
92233
92317
92363
92371
92373
92439
92487
92501
92557
92591
92623
92631
92791
92837
92903
92929
92941
92963
93015
93035
93071
93085
93099
93127
93179
93187
93213
93241
93295
93313
93331
93349
93415
93461
93499
93507
93577
93597
93619
93631
93633
93669
93721
93777
93789
93799
93823
93829
93841
93847
93851
93913
93949
94023
94093
94153
94171
94207
94245
94249
94295
94299
94305
94315
94317
94365
94387
94461
94481
94553
94559
94575
94593
94659
94685
94713
94725
94749
94765
94815
94819
94833
94873
94883
94895
94927
94941
94945
95017
95045
95085
95121
95131
95149
95161
95249
95289
95337
95357
95361
95367
95381
95415
95429
95447
95469
95489
95509
95523
95561
95619
95643
95649
95655
95757
95769
95803
95805
95811
95831
95901
95943
95967
96027
96029
96065
96075
96129
96165
96183
96265
96309
96319
96409
96457
96465
96475
96477
96491
96513
96525
96633
96639
96657
96663
96745
96751
96769
96799
96935
96939
96953
97015
97029
97081
97123
97201
97211
97269
97335
97359
97373
97441
97461
97471
97483
97491
97569
97607
97625
97671
97701
97705
97733
97751
97821
97835
97867
97881
97893
97931
97939
97967
97979
97989
98001
98029
98059
98095
98097
98117
98165
98227
98247
98259
98323
98325
98413
98437
98551
98583
98603
98743
98833
98843
98881
98901
98955
98963
98975
99003
99017
99059
99071
99079
99113
99159
99165
99169
99193
99205
99263
99265
99295
99313
99345
99355
99379
99405
99439
99503
99535
99537
99549
99577
99597
99603
99625
99639
99681
99693
99705
99711
99717
99783
99801
99817
99835
99851
99865
99877
99895
100011
100033
100057
100081
100087
100111
100125
100129
100147
100161
100179
100271
100273
100293
100403
100447
100451
100553
100655
100657
100701
100729
100735
100763
100775
100781
100847
100859
100933
100961
100967
100979
100981
101021
101093
101173
101209
101219
101249
101303
101329
101339
101389
101411
101521
101527
101533
101579
101615
101671
101781
101795
101797
101821
101833
101863
101921
101959
101993
102065
102231
102281
102355
102361
102373
102383
102403
102415
102427
102439
102471
102541
102565
102631
102687
102723
102763
102777
102811
102817
102961
102993
103021
103033
103043
103049
103079
103165
103173
103191
103207
103221
103245
103253
103327
103365
103387
103403
103411
103425
103483
103539
103561
103569
103591
103617
103685
103707
103723
103737
103751
103793
103819
103821
103849
103875
103889
103981
103989
104031
104055
104061
104119
104155
104185
104205
104213
104223
104289
104353
104363
104377
104419
104425
104445
104459
104483
104495
104515
104719
104747
104769
104775
104843
104845
104899
104959
104975
104989
105013
105071
105175
105265
105271
105307
105325
105337
105343
105419
105439
105455
105469
105555
105573
105577
105613
105635
105669
105753
105797
105801
105871
105975
105991
106063
106071
106081
106115
106129
106151
106169
106183
106207
106225
106245
106257
106273
106317
106341
106363
106387
106393
106405
106423
106513
106541
106547
106607
106619
106645
106691
106703
106741
106759
106765
106789
106793
106807
106821
106885
106969
107005
107067
107139
107145
107153
107199
107201
107261
107291
107297
107307
107315
107347
107365
107471
107593
107599
107623
107641
107653
107711
107713
107723
107749
107753
107773
107781
107799
107815
107819
107829
107861
107865
107905
107953
107959
107963
107997
108077
108089
108107
108131
108145
108157
108197
108215
108229
108319
108391
108439
108467
108473
108479
108603
108757
108767
108797
108803
108851
108853
108875
108877
108883
108939
108975
108977
109031
109175
109215
109245
109251
109265
109301
109337
109343
109393
109399
109429
109479
109485
109493
109523
109525
109597
109607
109663
109673
109709
109745
109775
109843
109873
109903
109915
109945
109997
110017
110029
110075
110101
110141
110197
110231
110235
110303
110309
110401
110437
110483
110511
110591
110611
110651
110659
110673
110683
110719
110723
110747
110777
110791
110809
110831
110931
110967
110987
111001
111035
111069
111073
111079
111113
111131
111181
111193
111239
111313
111323
111339
111341
111379
111395
111429
111433
111439
111453
111487
111503
111517
111601
111631
111643
111645
111701
111727
111769
111931
111979
112051
112057
112063
112071
112101
112105
112165
112189
112207
112273
112283
112339
112367
112401
112489
112495
112531
112547
112553
112599
112609
112621
112667
112683
112717
112723
112745
112779
112781
112809
112861
112871
112943
112987
113005
113013
113041
113137
113143
113173
113201
113221
113239
113283
113303
113313
113357
113405
113413
113435
113447
113471
113483
113519
113585
113597
113615
113671
113675
113705
113761
113767
113905
113911
114061
114089
114095
114163
114199
114209
114233
114271
114281
114341
114377
114425
114467
114469
114479
114487
114499
114513
114539
114565
114599
114605
114655
114741
114765
114811
114865
114889
114895
114931
114955
114965
114969
114999
115025
115061
115065
115075
115149
115161
115281
115293
115303
115355
115423
115429
115465
115521
115569
115581
115585
115615
115639
115657
115681
115731
115781
115833
115925
115939
115945
116013
116019
116033
116051
116087
116093
116145
116151
116177
116205
116233
116251
116281
116325
116445
116467
116481
116521
116547
116571
116597
116653
116661
116733
116755
116761
116791
116839
116843
116873
116959
117067
117077
117087
117091
117103
117139
117141
117161
117179
117331
117349
117395
117417
117437
117473
117479
117491
117525
117529
117535
117539
117597
117675
117737
117755
117799
117825
117835
117861
117871
117883
117895
117923
117997
118005
118029
118071
118103
118137
118219
118249
118291
118331
118345
118359
118381
118439
118445
118463
118513
118533
118555
118561
118571
118605
118627
118629
118809
119035
119043
119055
119085
119115
119153
119187
119199
119255
119313
119373
119395
119437
119445
119483
119531
119533
119553
119613
119755
119791
119837
119873
119893
119961
119985
119995
120029
120039
120051
120053
120057
120111
120137
120167
120195
120201
120235
120237
120245
120255
120291
120293
120303
120305
120311
120321
120341
120413
120499
120501
120525
120599
120621
120629
120665
120671
120701
120753
120759
120785
120795
120847
120871
120889
120957
120985
121027
121041
121077
121095
121099
121119
121155
121157
121167
121191
121205
121267
121335
121339
121365
121437
121525
121547
121555
121603
121615
121657
121671
121675
121735
121763
121765
121815
121821
121843
121869
121881
121903
121925
122001
122027
122029
122041
122067
122139
122183
122225
122261
122337
122371
122445
122469
122473
122491
122533
122557
122563
122679
122683
122693
122711
122739
122829
122863
122899
122901
122935
122949
122953
122971
122977
123007
123059
123103
123113
123159
123187
123213
123237
123319
123331
123401
123487
123533
123641
123717
123729
123745
123763
123803
123821
123877
123921
123979
124009
124029
124123
124147
124161
124215
124267
124315
124341
124383
124423
124427
124463
124483
124523
124549
124573
124601
124657
124717
124725
124811
124831
124837
124847
124859
124897
124979
125039
125047
125057
125081
125093
125135
125185
125219
125221
125243
125271
125435
125437
125465
125471
125507
125521
125537
125577
125585
125597
125669
125679
125693
125701
125729
125739
125741
125781
125819
125855
125873
125891
125903
125931
125963
125999
126001
126019
126043
126055
126061
126073
126131
126169
126181
126225
126237
126247
126395
126427
126491
126563
126577
126617
126639
126683
126755
126781
126807
126853
126871
126899
126905
126943
126947
126967
127021
127033
127053
127071
127077
127081
127151
127165
127185
127251
127287
127399
127403
127435
127443
127501
127557
127561
127615
127619
127659
127701
127711
127729
127767
127797
127873
127879
127891
127897
127919
127951
128031
128035
128107
128143
128157
128211
128241
128251
128285
128295
128313
128357
128369
128471
128527
128545
128551
128555
128565
128569
128597
128647
128671
128677
128709
128733
128747
128755
128761
128789
128805
128847
128899
128947
128949
128973
129007
129019
129025
129061
129085
129265
129285
129337
129357
129393
129467
129489
129569
129601
129611
129661
129675
129767
129793
129879
129883
129901
129919
129923
129925
129995
129997
130033
130063
130065
130075
130133
130207
130217
130249
130285
130317
130339
130365
130371
130421
130437
130459
130483
130495
130597
130609
130633
130691
130793
130821
130867
130869
130873
130929
130981
131051
131053
